[gd_scene load_steps=8 format=2]

[ext_resource path="res://Bounce test/Bouncing ball.tscn" type="PackedScene" id=1]
[ext_resource path="res://main/Rot_helper.gd" type="Script" id=2]
[ext_resource path="res://main/Inf_pole.gd" type="Script" id=3]
[ext_resource path="res://library/Pole.tscn" type="PackedScene" id=4]
[ext_resource path="res://library/assest_1.tscn" type="PackedScene" id=5]

[sub_resource type="RectangleShape2D" id=3]
custom_solver_bias = 1.0
extents = Vector2( 240, 427 )

[sub_resource type="CylinderMesh" id=4]

[node name="Main" type="Spatial"]
script = ExtResource( 3 )

[node name="Pole" type="Spatial" parent="."]
transform = Transform( 0.984808, 0, -0.173648, 0, 1, 0, 0.173648, 0, 0.984808, 0, -12.694, 0 )
script = ExtResource( 2 )

[node name="Pole" parent="Pole" instance=ExtResource( 4 )]

[node name="Pole2" parent="Pole" instance=ExtResource( 4 )]
transform = Transform( 1, 0, -2.98023e-08, 0, 1, 0, 2.98023e-08, 0, 1, 0, -20, 0 )

[node name="DirectionalLight" type="DirectionalLight" parent="."]
transform = Transform( 1, 0, 0, 0, 0.333132, 0.94288, 0, -0.94288, 0.333132, 0, -9.24016, 9 )

[node name="Timer" type="Timer" parent="."]
one_shot = true

[node name="Control" type="Control" parent="."]
anchor_right = 1.0
anchor_bottom = 1.0

[node name="TouchScreenButton" type="TouchScreenButton" parent="Control"]
shape = SubResource( 3 )

[node name="Debug_camera" type="Camera" parent="."]
transform = Transform( 1, 0, 0, 0, 1, 0, 0, 0, 1, 0, 0, 20.562 )
far = 8192.0

[node name="MeshInstance" type="MeshInstance" parent="."]
transform = Transform( 1, 0, 0, 0, 10, 0, 0, 0, 1, 0, 7.30604, 0 )
mesh = SubResource( 4 )

[node name="assest_1" parent="MeshInstance" instance=ExtResource( 5 )]
transform = Transform( 1, 0, 0, 0, 0.1, 0, 0, 0, 1, 0, -1, 0 )

[node name="InterpolatedCamera" type="InterpolatedCamera" parent="."]
transform = Transform( 1, 0, 0, 0, 0.866025, 0.5, 0, -0.5, 0.866025, 0, 1.00409, 9.5 )
doppler_tracking = 2
current = true
target = NodePath("../Follower")
speed = 10.0
enabled = true
process_mode = 0

[node name="Follower" type="Position3D" parent="."]
transform = Transform( 1, 0, 0, 0, 0.866026, 0.5, 0, -0.5, 0.866026, 0, 1.00409, 9.5 )

[node name="Player" parent="." instance=ExtResource( 1 )]
transform = Transform( 0.2, 0, 0, 0, 0.2, 0, 0, 0, 0.2, 0, 0.00409162, 1.5 )

[connection signal="timeout" from="Timer" to="." method="_on_Timer_timeout"]
[connection signal="pressed" from="Control/TouchScreenButton" to="Pole" method="_on_TouchScreenButton_pressed"]
[connection signal="released" from="Control/TouchScreenButton" to="Pole" method="_on_TouchScreenButton_released"]
[connection signal="spawn" from="Player" to="." method="_on_Player_spawn"]
